Model: SVM
Accuracy: 0.9426

Classification Report:
              precision    recall  f1-score   support

         Ain       0.87      0.95      0.91        42
          Al       1.00      0.98      0.99        54
        Alef       1.00      1.00      1.00        52
         Beh       0.96      0.95      0.95        55
         Dad       1.00      0.96      0.98        51
         Dal       0.93      0.89      0.91        44
         Feh       0.94      1.00      0.97        47
       Ghain       0.95      0.95      0.95        43
         Hah       0.80      0.84      0.82        38
         Heh       0.89      1.00      0.94        41
        Jeem       0.94      0.79      0.86        38
         Kaf       0.96      1.00      0.98        50
        Khah       0.95      0.95      0.95        39
         Laa       0.98      1.00      0.99        48
         Lam       0.98      0.94      0.96        51
        Meem       0.98      0.96      0.97        48
        Noon       0.98      0.95      0.96        43
         Qaf       0.95      0.97      0.96        39
         Reh       0.84      0.90      0.87        41
         Sad       0.96      0.98      0.97        52
        Seen       1.00      0.98      0.99        52
       Sheen       0.98      1.00      0.99        55
         Tah       0.91      0.82      0.86        39
         Teh       0.88      0.95      0.91        56
 Teh_Marbuta       0.98      0.87      0.92        46
        Theh       1.00      0.96      0.98        54
         Waw       0.97      0.97      0.97        40
         Yeh       0.98      0.98      0.98        52
         Zah       0.85      0.93      0.89        42
        Zain       0.86      0.79      0.82        38
        thal       0.84      0.84      0.84        38

    accuracy                           0.94      1428
   macro avg       0.94      0.94      0.94      1428
weighted avg       0.94      0.94      0.94      1428
