Model: MLP
Accuracy: 0.9636

Classification Report:
              precision    recall  f1-score   support

         Ain       0.97      0.93      0.95        42
          Al       1.00      0.98      0.99        54
        Alef       1.00      1.00      1.00        52
         Beh       1.00      0.98      0.99        55
         Dad       1.00      0.98      0.99        51
         Dal       0.95      0.91      0.93        44
         Feh       1.00      0.94      0.97        47
       Ghain       0.93      1.00      0.97        43
         Hah       0.88      0.92      0.90        38
         Heh       1.00      0.98      0.99        41
        Jeem       0.89      0.82      0.85        38
         Kaf       1.00      0.98      0.99        50
        Khah       0.97      0.95      0.96        39
         Laa       1.00      1.00      1.00        48
         Lam       1.00      0.96      0.98        51
        Meem       0.98      1.00      0.99        48
        Noon       0.98      0.95      0.96        43
         Qaf       0.97      0.97      0.97        39
         Reh       0.82      1.00      0.90        41
         Sad       0.98      1.00      0.99        52
        Seen       0.98      1.00      0.99        52
       Sheen       0.96      1.00      0.98        55
         Tah       0.95      0.92      0.94        39
         Teh       0.95      0.96      0.96        56
 Teh_Marbuta       0.98      0.93      0.96        46
        Theh       1.00      1.00      1.00        54
         Waw       0.91      1.00      0.95        40
         Yeh       1.00      0.98      0.99        52
         Zah       0.93      0.93      0.93        42
        Zain       0.92      0.87      0.89        38
        thal       0.90      0.92      0.91        38

    accuracy                           0.96      1428
   macro avg       0.96      0.96      0.96      1428
weighted avg       0.96      0.96      0.96      1428
