Model: XGBoost
Accuracy: 0.9055

Classification Report:
              precision    recall  f1-score   support

         Ain       0.95      0.90      0.93        42
          Al       1.00      0.98      0.99        54
        Alef       1.00      1.00      1.00        52
         Beh       0.89      1.00      0.94        55
         Dad       0.92      0.90      0.91        51
         Dal       0.83      0.89      0.86        44
         Feh       0.91      0.91      0.91        47
       Ghain       0.96      1.00      0.98        43
         Hah       0.76      0.82      0.78        38
         Heh       0.84      0.90      0.87        41
        Jeem       0.90      0.71      0.79        38
         Kaf       0.92      0.96      0.94        50
        Khah       0.88      0.90      0.89        39
         Laa       0.98      0.94      0.96        48
         Lam       0.92      0.90      0.91        51
        Meem       0.89      0.88      0.88        48
        Noon       0.95      0.86      0.90        43
         Qaf       0.92      0.92      0.92        39
         Reh       0.84      0.76      0.79        41
         Sad       0.94      0.94      0.94        52
        Seen       0.94      0.96      0.95        52
       Sheen       0.94      0.91      0.93        55
         Tah       0.85      0.74      0.79        39
         Teh       0.87      0.84      0.85        56
 Teh_Marbuta       0.76      0.85      0.80        46
        Theh       0.96      0.96      0.96        54
         Waw       0.98      1.00      0.99        40
         Yeh       0.91      0.92      0.91        52
         Zah       0.79      0.88      0.83        42
        Zain       0.94      0.84      0.89        38
        thal       0.88      0.95      0.91        38

    accuracy                           0.91      1428
   macro avg       0.90      0.90      0.90      1428
weighted avg       0.91      0.91      0.91      1428
