Model: KNN
Accuracy: 0.7437

Classification Report:
              precision    recall  f1-score   support

         Ain       0.78      0.86      0.82        42
          Al       0.86      0.94      0.90        54
        Alef       0.93      1.00      0.96        52
         Beh       0.71      0.93      0.80        55
         Dad       0.77      0.78      0.78        51
         Dal       0.55      0.66      0.60        44
         Feh       0.61      0.70      0.65        47
       Ghain       0.90      0.81      0.85        43
         Hah       0.51      0.53      0.52        38
         Heh       0.65      0.76      0.70        41
        Jeem       0.74      0.66      0.69        38
         Kaf       0.67      0.88      0.76        50
        Khah       0.69      0.64      0.67        39
         Laa       0.91      0.90      0.91        48
         Lam       0.84      0.84      0.84        51
        Meem       0.88      0.75      0.81        48
        Noon       0.90      0.86      0.88        43
         Qaf       0.64      0.64      0.64        39
         Reh       0.54      0.46      0.50        41
         Sad       0.73      0.71      0.72        52
        Seen       0.68      0.77      0.72        52
       Sheen       0.91      0.75      0.82        55
         Tah       0.56      0.62      0.59        39
         Teh       0.76      0.70      0.73        56
 Teh_Marbuta       0.56      0.50      0.53        46
        Theh       0.87      0.74      0.80        54
         Waw       1.00      0.95      0.97        40
         Yeh       0.87      0.87      0.87        52
         Zah       0.66      0.60      0.62        42
        Zain       0.61      0.50      0.55        38
        thal       0.64      0.42      0.51        38

    accuracy                           0.74      1428
   macro avg       0.74      0.73      0.73      1428
weighted avg       0.75      0.74      0.74      1428
